0.0050023012799999995 -0.9199999999999999 0.38115268799999996 0 255 0
0.00020462676799999998 -0.915230904 0.31168587999999997 0 255 0
-0.038845932799999996 -0.9170504799999999 0.35446864 0 255 0
0.0321399976 -0.9061173839999999 0.306299832 0 255 0
0.006572229759999999 -0.8764552959999999 0.45771196 0 255 0
-0.0489184792 -0.867415192 0.328641848 0 255 0
-0.026037748 -0.8751227679999999 0.29125268 0 255 0
-0.012201212959999999 -0.8956781439999999 0.42263843199999995 0 255 0
0.0393691552 -0.906140752 0.367678552 0 255 0
-0.03777450079999999 -0.83038556 0.285058688 0 255 0
0.0518603448 -0.7937079199999999 0.5097694239999999 0 255 0
-0.0436565944 -0.8559530959999999 0.42505287999999997 0 255 0
0.033337212 -0.8306083839999999 0.283194768 0 255 0
-0.010344121199999999 -0.8292289359999999 0.5211404399999999 0 255 0
0.0466172096 -0.8654129039999999 0.299305992 0 255 0
-0.0558948576 -0.783550936 0.5145517679999999 0 255 0
-0.038212383999999995 -0.800188584 0.326204216 0 255 0
-0.051578438399999996 -0.786675256 0.552236256 0 255 0
0.0375398824 -0.800758432 0.5356032079999999 0 255 0
0.024461309599999998 -0.7779442719999999 0.33683408 0 255 0
-0.0205224216 -0.7415855039999999 0.355578344 0 255 0
0.0624167376 -0.7737139279999999 0.436614152 0 255 0
-0.07654280399999999 -0.7699873759999999 0.579292352 0 255 0
0.05157919279999999 -0.752509032 0.37557675199999996 0 255 0
0.0036192983999999997 -0.7723675999999999 0.59758048 0 255 0
-0.08125114319999999 -0.7115289199999999 0.517849232 0 255 0
-0.053869624799999995 -0.7494945599999999 0.379080664 0 255 0
0.05597268959999999 -0.685592832 0.7042986399999999 0 255 0
0.0812260824 -0.7002375759999999 0.44937639199999996 0 255 0
-0.05775382799999999 -0.7917385679999999 0.41558755199999997 0 255 0
0.0903674416 -0.746443104 0.599997136 0 255 0
0.0793639288 -0.76644556 0.584540216 0 255 0
0.08249822159999999 -0.7271477599999999 0.76652192 0 255 0
0.0006261926639999999 -0.726839192 0.66620328 0 255 0
-0.08953049919999999 -0.7379838879999999 0.5944171519999999 0 255 0
-0.06181347519999999 -0.68684348 0.6751451279999999 0 255 0
-0.0642364976 -0.714382576 0.744133352 0 255 0
-0.0638196824 -0.651245 0.692989448 0 255 0
0.0850256272 -0.7028505599999999 0.531031176 0 255 0
-0.035931851199999996 -0.6966284159999999 0.6949692879999999 0 255 0
0.0793586848 -0.6957242399999999 0.708698816 0 255 0
0.0674518424 -0.6940871919999999 0.675987848 0 255 0
-0.08285983679999999 -0.6614003279999999 0.44737428799999995 0 255 0
0.01526062328 -0.668358288 0.71713448 0 255 0
0.034736403199999995 -0.6933162319999999 0.7088417839999999 0 255 0
0.06932525679999998 -0.667147752 0.40898931199999994 0 255 0
-0.0052759166399999995 -0.6511520799999999 0.7233665599999999 0 255 0
0.0391316112 -0.6482091839999999 0.70354792 0 255 0
0.0234286648 -0.694318848 0.376220936 0 255 0
0.000320463784 -0.5928047599999999 0.43278750399999993 0 255 0
0.07893355279999999 -0.6242625039999999 0.610798304 0 255 0
-0.0829016232 -0.665050336 0.532384128 0 255 0
-0.0809949232 -0.649032768 0.6148222 0 255 0
0.08055067359999998 -0.6350782079999999 0.44520934399999995 0 255 0
-0.034621071999999996 -0.653255752 0.7073337199999999 0 255 0
-0.06324635679999999 -0.6377762 0.419827464 0 255 0
-0.07777972559999999 -0.613053592 0.4837234879999999 0 255 0
0.059816136799999996 -0.636742488 0.6776129359999999 0 255 0
0.04267298559999999 -0.554797168 0.6696144559999999 0 255 0
-0.0532529856 -0.6013370239999999 0.6756706319999999 0 255 0
-0.0501086464 -0.574095272 0.472575664 0 255 0
-0.0635798016 -0.567042552 0.52188104 0 255 0
-0.07174426799999999 -0.60110776 0.580405552 0 255 0
0.070149264 -0.574758408 0.53157968 0 192 64
0.0400123824 -0.5749100239999999 0.45944855199999995 0 192 64
0.0728863192 -0.535432272 0.5406650479999999 0 192 64
-0.0711479976 -0.5663030559999999 0.61795388 0 255 0
-0.033877988 -0.538128976 0.42955885599999993 0 192 64
-0.00576476784 -0.52475052 0.38169235999999995 0 192 64
0.07239518639999999 -0.570621352 0.61666956 0 255 0
-0.001262122424 -0.5716960959999999 0.7178533679999999 0 255 0
-0.01219292008 -0.5191558159999999 0.676558064 0 255 0
0.01241965592 -0.52526756 0.679316776 0 192 64
-0.0206142192 -0.4958812879999999 0.34070010399999995 0 192 64
0.005101814 -0.466408904 0.6703469599999999 0 192 64
0.0793664128 -0.46963975999999996 0.486048512 0 192 64
0.0665726168 -0.48649434399999997 0.44411454399999994 0 192 64
0.0272587352 -0.525834096 0.40172002399999995 0 192 64
0.038600918399999996 -0.4782283279999999 0.334729856 0 192 64
-0.0392652136 -0.492274336 0.366454032 0 192 64
-0.006359273679999999 -0.367836608 0.6247322559999999 0 192 64
0.064397976 -0.44230343199999994 0.587802352 0 192 64
-0.0786650232 -0.4784942079999999 0.548343736 0 192 64
-0.060470919199999994 -0.452787752 0.35616732799999995 0 192 64
0.00631133064 -0.468567776 0.26897708800000003 0 192 64
-0.0750710616 -0.484247704 0.47350467999999996 0 192 64
-0.0229611024 -0.42837573599999995 0.19704946399999998 0 192 64
-0.0204835608 -0.40008224 0.62031092 0 192 64
-0.0662894408 -0.46743525599999997 0.595536608 0 192 64
0.013718909359999998 -0.434447552 0.197079272 0 192 64
0.0048254184 -0.42515426399999995 0.13666487759999998 255 255 0
0.0201877808 -0.42522326399999993 0.054283459199999995 255 255 0
-0.0872506104 -0.364420832 0.48849331999999995 0 192 64
-0.052622343999999995 -0.41864416 0.261004368 0 192 64
0.0517971592 -0.40470799999999996 0.21783336799999997 255 255 0
0.0934407016 -0.403715504 0.353170336 0 192 64
-0.05202962479999999 -0.421219792 0.12056868639999999 255 255 0
-0.050120128 -0.422160952 0.011540124879999999 255 255 0
-0.0885702952 -0.40033100799999993 0.47147056 0 192 64
-0.0925962336 -0.40389729599999996 0.347704984 0 192 64
-0.05062312879999999 -0.401347792 0.19976971999999998 255 255 0
0.05296484159999999 -0.418532472 0.125077312 255 255 0
0.0758596672 -0.39470281599999996 0.17621396639999998 255 255 0
0.0008443023999999999 -0.406979296 -0.024672744 255 255 0
0.1033307384 -0.388587392 0.0438032976 255 255 0
0.08537312959999999 -0.40550987199999994 0.5052625279999999 0 192 64
0.0758119008 -0.420667056 0.321438432 0 192 64
-0.12178334399999999 -0.35931888 0.215249272 255 255 0
0.06681902959999998 -0.41241189599999994 -0.004999785999999999 255 255 0
-0.048804068 -0.40414919199999993 -0.058462136 255 255 0
-0.093434832 -0.38982332 0.1522699728 255 255 0
-0.10084585519999999 -0.38915172 0.0363574616 255 255 0
0.1317822352 -0.37830768 0.10364248959999998 255 255 0
0.10560126159999998 -0.360896128 -0.0404275232 255 255 0
-0.10377390239999999 -0.37504995999999996 0.2703788 255 255 0
0.14651735999999999 -0.366061928 0.0113116852 255 255 0
0.1057871936 -0.37482419199999994 0.256945328 255 255 0
-0.1351750664 -0.37611476799999993 0.0387508784 255 255 0
-0.1382046632 -0.35233994399999996 -0.027878612799999997 255 255 0
0.0545447392 -0.392913968 -0.06634646239999999 255 255 0
0.0063522228 -0.34642508 -0.11471800159999998 255 255 0
0.041473397599999996 -0.37392774399999995 -0.08893934399999999 255 255 0
0.033905606399999996 -0.38470535999999994 0.6008720559999999 0 192 64
0.1574227824 -0.35832307199999996 0.10499159599999999 255 255 0
0.1161045336 -0.3151 0.34153325599999995 255 255 0
0.16641471519999998 -0.34480735199999996 0.0217306944 255 255 0
0.0890355024 -0.30376467999999995 -0.1053501016 255 255 0
-0.10544258 -0.355075104 -0.0462491544 255 255 0
0.129071216 -0.35692283199999997 0.20183843199999998 255 255 0
-0.1713562008 -0.33043787199999997 -0.010067385199999999 255 255 0
-0.11722884719999999 -0.304748712 0.334646136 255 255 0
-0.14405976399999998 -0.30659644 -0.10381958959999998 255 255 0
-0.04933774159999999 -0.32466523999999997 -0.12119862879999999 255 255 0
-0.0215331888 -0.35687904 0.5990568959999999 0 192 64
-0.1587057776 -0.35696827999999997 0.10649642159999999 255 255 0
0.1147246072 -0.30686857599999995 -0.1071472664 255 255 0
0.0892925688 -0.306401216 -0.767010256 0 0 255
-0.0904937944 -0.30733299199999997 -0.76614932 0 64 192
0.16670206799999998 -0.29281336799999996 -0.09579593839999999 255 255 0
-0.0880995496 -0.297532968 -0.11092423439999999 0 64 192
0.11721276559999999 -0.306544 -0.20942144 0 0 255
-0.18739958399999998 -0.287911056 0.10121622879999999 255 255 0
-0.12538374559999999 -0.307421128 -0.19695525599999997 0 64 192
-0.067076188 -0.27102188 -0.1508845264 0 64 192
0.13767181759999997 -0.31036383999999995 -0.765292984 0 0 255
-0.1507121368 -0.299565616 -0.764696088 0 64 192
0.18830357599999997 -0.291048624 -0.0482702288 255 255 0
-0.10853565679999999 -0.285032008 -0.265748256 0 64 192
-0.20312808799999998 -0.25445268 0.013884715439999999 255 255 0
0.1610699752 -0.284264176 -0.18953950399999997 0 0 255
0.1177782712 -0.279791872 -0.299380328 0 0 255
-0.16180078639999998 -0.28977276799999996 -0.16088483439999998 0 64 192
0.1366465512 -0.30203875999999996 0.25166894399999995 255 255 0
0.06168627599999999 -0.236422152 -0.1573252624 255 255 0
0.0677156064 -0.268021208 -0.14996104879999997 0 0 255
0.07849342479999999 -0.222699984 -0.768928824 0 0 255
-0.1471080552 -0.30983944 0.213204296 255 255 0
0.1582084808 -0.325369776 0.16834112159999998 255 255 0
-0.15044024 -0.28335944799999996 -0.23570896800000002 0 64 192
-0.1157829384 -0.311758008 -0.7612234559999999 0 64 192
0.0874398728 -0.28794252 0.468748464 0 192 64
-0.0878338536 -0.239523104 -0.32151884 0 64 192
0.12130547759999999 -0.252502648 0.35369179199999995 255 255 0
-0.16865594559999997 -0.237239664 -0.19774461599999998 0 64 192
-0.09686240239999999 -0.24469957599999997 -0.365816288 0 64 192
-0.16995763519999998 -0.23324060799999996 -0.7672489039999999 0 64 192
0.046010340799999994 -0.266989704 0.5141986719999999 0 192 64
-0.10655819039999999 -0.27869081599999995 0.417829224 0 192 64
0.188860912 -0.28600868 0.10436665839999999 255 255 0
0.16948917119999998 -0.22925663999999998 -0.20615083999999997 0 0 255
0.1366445824 -0.240224328 -0.333470928 0 0 255
-0.1428227688 -0.21714410399999998 -0.33191189599999993 0 64 192
-0.08617437599999998 -0.25362081599999997 -0.704479328 0 64 192
-0.00860884112 -0.25636039199999994 0.553366384 0 192 64
0.00772632744 -0.33300688 0.601381368 0 192 64
-0.07438201839999999 -0.30974191999999995 0.502548712 0 192 64
-0.17614246399999997 -0.26901002399999996 -0.0966914112 255 255 0
0.0764986808 -0.25845835999999994 -0.22987248799999999 0 0 255
-0.1194692496 -0.256316232 -0.342587944 0 64 192
0.16375482959999998 -0.279486064 -0.7660058 0 0 255
-0.1314933736 -0.22768325599999997 -0.6891567279999999 0 64 192
0.07756854879999998 -0.22777267999999998 -0.7139580879999999 0 0 255
-0.13051088719999998 -0.22918561599999998 0.316396096 255 255 0
-0.0691374296 -0.19791518399999997 -0.15953894799999999 0 64 192
-0.0686756816 -0.23603243999999995 -0.216318864 0 64 192
0.11334898639999999 -0.25139165599999996 -0.36500374399999996 0 0 255
-0.1048537616 -0.236235944 -0.6762747039999999 0 64 192
-0.1358320384 -0.22757653599999997 -0.6421668079999999 0 64 192
0.1288181608 -0.23563352799999998 -0.683579504 0 0 255
-0.19925470399999998 -0.24393763199999996 -0.06171959839999999 255 255 0
0.13013446 -0.229438064 -0.42395163999999996 0 0 255
0.0885245344 -0.23443384799999994 -0.3751805999999999 0 0 255
-0.10078395759999999 -0.22315133599999998 -0.4794245119999999 0 64 192
0.10002188479999999 -0.22367536799999999 -0.47421786399999993 0 0 255
0.09392024239999999 -0.23196328 -0.67003876 0 0 255
-0.0858539584 -0.21366300799999996 -0.693041888 0 64 192
0.18227558879999997 -0.225525488 -0.114129496 0 0 255
0.10722537439999999 -0.21424812799999998 -0.57106792 0 0 255
0.091226556 -0.20625719199999998 -0.5949621599999999 0 0 255
0.11628220399999999 -0.20302302399999997 0.340716296 255 255 0
0.20758015199999996 -0.24286638399999996 0.0078469284 255 255 0
-0.1335298488 -0.21447831199999998 -0.452662264 0 64 192
-0.1185098552 -0.21307752 -0.577790728 0 64 192
0.1263852944 -0.20369167999999999 -0.576398032 0 0 255
0.1601598376 -0.21373679199999998 -0.765419392 0 0 255
-0.17498138719999998 -0.17933374159999999 0.22339568799999998 255 255 0
-0.21431933599999997 -0.199745616 0.039291176 255 255 0
0.11445074159999999 -0.19268314399999997 -0.7645148479999999 0 0 255
0.0893564536 -0.203236648 -0.501612152 0 0 255
-0.13356985039999997 -0.18008775519999998 -0.585163424 0 64 192
-0.1173636456 -0.17796748639999999 -0.7033696239999999 0 64 192
0.15580786959999998 -0.210998872 0.254679736 255 255 0
-0.18939929599999997 -0.22609993599999997 0.1706706536 255 255 0
-0.16564504319999998 -0.193839032 -0.193800024 0 64 192
0.08583436239999999 -0.22806652799999996 -0.336146472 0 0 255
-0.1294514704 -0.18327848079999998 -0.46734344 0 64 192
-0.0638895472 -0.24418731999999999 -0.7663706719999999 0 64 192
0.19161759999999997 -0.22257762399999997 0.16964143119999997 255 255 0
-0.09163093279999998 -0.203614584 -0.5773377199999999 0 64 192
0.0759903808 -0.19858052799999998 -0.643628688 0 0 255
-0.1436889304 -0.17879958959999998 -0.6607344319999999 0 64 192
0.13931832319999998 -0.20651460799999996 -0.6908406959999999 0 0 255
-0.00273299616 -0.24362004799999998 -0.143157612 255 255 0
-0.07812021759999999 -0.180606948 -0.34530304799999995 0 64 192
0.1405445544 -0.198412352 -0.335461256 0 0 255
-0.1333319936 -0.17314046719999998 -0.40668195199999996 0 64 192
-0.0830575448 -0.200758904 -0.4554367999999999 0 64 192
0.14565624 -0.201520112 -0.642937584 0 0 255
0.09553020559999999 -0.18765221599999998 -0.6975842959999999 0 0 255
-0.10834070879999999 -0.196938696 -0.763330992 0 64 192
0.03330906 -0.14805015359999998 0.43713413599999995 255 255 0
-0.19451339199999998 -0.18798102399999997 -0.0782742072 255 255 0
-0.1790727192 -0.20508345599999997 -0.12296997839999999 255 255 0
0.0806389016 -0.184167808 -0.343998672 0 0 255
0.07195568399999999 -0.192602736 -0.40633327199999997 0 0 255
-0.07323378479999999 -0.20587299999999997 -0.41974816 0 64 192
-0.0813169416 -0.16777167839999998 -0.417625168 0 64 192
-0.0074215296 -0.11977292319999998 0.44201123999999997 255 255 0
-0.09933387199999999 -0.19364215199999998 0.36245092799999995 255 255 0
0.19958774399999998 -0.21093024 -0.08191284399999998 255 255 0
0.07093012319999999 -0.1374798688 -0.11997085199999999 255 255 0
0.1367436848 -0.19843663999999997 -0.44333493599999996 0 0 255
-0.07531970079999999 -0.202941144 -0.6480209519999999 0 64 192
-0.0321489768 -0.22638863199999998 0.5009571119999999 255 255 0
-0.202794496 -0.200125944 -0.043302596799999996 255 255 0
0.16702036959999997 -0.190356648 -0.13307547919999999 0 0 255
0.0745714648 -0.17133973279999998 -0.254921144 0 0 255
0.21455301599999999 -0.19665312799999998 0.0406928696 255 255 0
0.0702539784 -0.19048784 -0.16629800399999997 0 0 255
0.156797716 -0.18759830399999997 -0.23808091199999998 0 0 255
-0.13009639039999998 -0.1766017648 -0.337177792 0 64 192
0.1324021312 -0.1730345936 -0.59762648 0 0 255
-0.08110274719999999 -0.1612752824 -0.6596201279999999 0 64 192
-0.10667786399999998 -0.1509983488 -0.6753964719999999 0 64 192
0.00421285112 -0.187280352 0.502177216 255 255 0
-0.1704622736 -0.1382319688 -0.0904773632 255 255 0
-0.130962736 -0.16067097119999998 -0.1536873248 0 64 192
0.0921548176 -0.158052596 -0.1529803232 255 255 0
0.1035157136 -0.16034249439999998 -0.34775079999999997 0 0 255
-0.09904149599999999 -0.1567585792 -0.49378479200000003 0 64 192
-0.09164292959999999 -0.1628701944 -0.565260696 0 64 192
0.11465360159999999 -0.1619809776 -0.468383224 0 0 255
0.17021694639999999 -0.13175016399999998 -0.0829404656 255 255 0
-0.07365330479999999 -0.16885135359999998 -0.281169296 0 64 192
0.1128889496 -0.1557428256 -0.251392208 0 0 255
-0.10250003359999998 -0.161120152 -0.33379311199999995 0 64 192
0.08952172239999999 -0.15481495039999998 -0.429086712 0 0 255
0.09070839359999999 -0.163136976 -0.500599968 0 0 255
0.0907610176 -0.16362056479999998 -0.580901064 0 0 255
-0.0923267288 -0.1550984576 -0.1612677936 0 64 192
0.09500260399999999 -0.1510028752 -0.224346048 0 0 255
-0.10863735359999999 -0.1524390136 -0.236127936 0 64 192
0.12383919439999998 -0.1646441752 -0.396089256 0 0 255
0.10690103759999998 -0.14611517279999997 -0.600465232 0 0 255
0.0845268952 -0.1550548496 -0.658228168 0 0 255
0.13084385359999998 -0.1550013424 -0.6720504319999999 0 0 255
-0.1066020008 -0.14285077359999998 -0.617122384 0 64 192
0.132055328 -0.1606289824 -0.1409668344 0 0 255
0.19938442399999998 -0.1515767344 -0.0331818608 255 255 0
-0.19931211199999999 -0.1305142728 0.11602815519999998 255 255 0
0.1562313456 -0.106969044 -0.0583901368 255 255 0
-0.07415759359999999 -0.13655548959999997 -0.117480964 255 255 0
0.11902207439999998 -0.09546188639999999 0.298458672 255 255 0
0.17406694399999997 -0.15210930399999997 0.22111758399999998 255 255 0
-0.07172010879999999 -0.0430491368 0.351653624 255 255 0
0.203161392 -0.1363236128 0.10245557919999998 255 255 0
0.20562864799999997 -0.11998952799999998 0.0359828192 255 255 0
-0.20819747199999997 -0.13531175999999998 0.0007418305919999999 255 255 0
-0.12401324 -0.1171070024 -0.0836106856 255 255 0
-0.034403584 -0.0875863552 -0.14337263439999998 255 255 0
-0.0398379688 -0.15986847359999998 0.4332241359999999 255 255 0
0.18825776 -0.0905546064 0.0016871511999999999 255 255 0
0.01092414808 -0.11850056319999999 -0.1531139992 255 255 0
-0.1439543688 -0.09987050799999998 0.261370344 255 255 0
-0.17160585199999998 -0.09696062159999999 0.196736112 255 255 0
0.19531324 -0.08786658719999998 0.04376579839999999 255 255 0
-0.195075696 -0.08772463119999999 0.032198141599999994 255 255 0
0.18940536799999996 -0.08898381679999999 0.1192760312 255 255 0
-0.0330822984 -0.06705162399999999 0.41079931999999997 255 255 0
0.00289786568 -0.050562243199999996 0.41923111999999996 255 255 0
0.14752006799999998 -0.07754869519999999 0.25105015199999997 255 255 0
0.1746353752 -0.07899412559999999 0.1839666408 255 255 0
0.0390303192 -0.06439941119999999 0.40625967199999996 255 255 0
0.18419596 0.00408084032 -0.05651364959999999 255 255 0
-0.1689105648 -0.09956952079999999 -0.0408351936 255 255 0
-0.19088748799999997 -0.08936335359999999 0.10349884079999999 255 255 0
-0.1764453096 -0.00430803984 -0.0634643048 255 255 0
-0.11897106959999999 0.0016749216399999998 -0.1101596592 255 255 0
0.1366669752 0.00808769608 -0.10027446159999999 255 255 0
0.1486168552 0.00317034944 0.251291744 255 255 0
0.21457252 0.041849254399999994 0.00229527488 255 255 0
-0.0369754072 0.00582413544 0.367329688 255 255 0
0.0454614688 0.0441365584 0.34506311199999995 255 255 0
-0.08067301519999999 0.042218082399999995 0.31954176 255 255 0
-0.12034518159999999 -0.016358348879999998 0.283651824 255 255 0
-0.21234832799999998 0.0820505864 -0.024563558399999998 255 255 0
-0.12451123599999998 0.080253624 -0.11279602959999999 255 255 0
-0.17794347439999997 -0.04149108 0.18288795919999998 255 255 0
-0.1688709312 0.1058148672 -0.08363784399999999 255 255 0
0.136571516 0.12071503999999998 -0.10853661359999998 255 255 0
0.0090865824 0.019044496799999998 0.373398744 255 255 0
0.1035447856 -0.0008092178319999999 0.302047592 255 255 0
-0.15833768559999997 -0.012085988479999999 0.23119195199999998 255 255 0
0.0513337552 0.023535771199999996 -0.1360255328 255 255 0
0.000670836952 0.0199447904 -0.14283741519999998 255 255 0
0.21809961599999997 0.09539375119999999 0.1301650224 255 255 0
0.19270044 0.10645991599999999 0.19544295999999997 255 255 0
-0.0339626096 0.07739919519999999 0.34546827999999996 255 255 0
0.0669562016 0.1536245808 -0.1305265456 255 255 0
0.0240771544 0.06488575999999999 0.351665032 255 255 0
-0.21907996799999999 0.07541782799999999 0.11138393999999999 255 255 0
0.205697096 0.10704834799999999 -0.0392942488 255 255 0
0.16740921679999998 0.113558084 -0.0849530208 255 255 0
-0.22776715999999997 0.10015212 0.033346136 255 255 0
-0.12277940959999999 0.1293859848 0.28167382399999996 255 255 0
-0.19429682399999998 0.1115980608 0.19161391999999997 255 255 0
0.22758334399999997 0.08675611039999999 0.06230760719999999 255 255 0
-0.025708976799999998 0.1678043752 0.342866888 255 255 0
-0.016617327039999998 0.1493735 -0.1385274912 255 255 0
0.09001158559999999 0.1405896712 0.308571128 255 255 0
-0.15966570559999999 0.19007181599999998 -0.0864108896 255 255 0
0.024230426399999998 0.148208504 0.343824792 255 255 0
-0.09000045359999999 0.14550662959999996 -0.12495519119999998 255 255 0
-0.08364987759999999 0.20193724 0.31534177599999996 255 255 0
0.22609827999999998 0.17457171119999998 0.00799580832 255 255 0
-0.217132144 0.212482648 -0.015071831919999997 255 255 0
-0.21673911999999998 0.1834173824 0.1388033624 255 255 0
0.11151586799999999 0.24943978399999997 -0.100431984 255 255 0
0.21318166399999997 0.28052860799999996 0.0229774232 255 255 0
0.15829687439999998 0.18945155199999997 0.25037156 255 255 0
0.205999408 0.205242248 0.1652599864 255 255 0
0.0912437784 0.25824124 0.315764056 255 255 0
0.211518672 0.220365392 -0.024547991999999998 255 255 0
0.18206538719999998 0.24417020799999997 -0.057201496799999994 255 255 0
-0.10986181839999999 0.25148825599999997 -0.0988234928 255 255 0
0.10822865279999999 0.336787896 0.308531936 255 255 0
-0.22295279999999998 0.23234471199999998 0.06164386399999999 255 255 0
0.00067657168 0.250945272 -0.11599724319999999 255 255 0
0.22450759999999997 0.21299839999999998 0.0804632184 255 255 0
-0.18128066399999998 0.282505688 -0.0454198112 255 255 0
-0.10107024319999999 0.314196928 0.31267396 255 255 0
-0.16654038719999997 0.1575640024 0.23635425599999998 255 255 0
-0.19202515999999997 0.39113763199999996 0.03576533119999999 255 255 0
0.146609636 0.32439972799999994 -0.0526953736 255 255 0
-0.1527059792 0.33674870399999995 0.24811995199999995 255 255 0
0.18323134 0.384541784 0.004690196799999999 255 255 0
7.6042324e-05 0.344510192 -0.0868237304 255 255 0
0.1486521648 0.336791576 0.255773984 255 255 0
-0.1807776816 0.36147940799999995 0.17225713839999998 255 255 0
0.176416532 0.34976283999999996 0.198686696 255 255 0
-0.18089001359999998 0.40010008799999996 0.0059155907999999995 255 255 0
-0.1051481616 0.37611881599999997 0.325858112 255 255 0
-0.05169693439999999 0.308267528 0.34463733599999996 255 255 0
-0.09930866399999999 0.39745104 -0.0423906928 255 255 0
-0.18626908799999997 0.357646504 -0.0013904799039999999 255 255 0
-0.00850173472 0.285714832 0.35339720799999996 255 255 0
0.188692 0.382839232 0.11489221279999999 255 255 0
0.024835344799999996 0.286968976 0.3496701039999999 255 255 0
-0.185701448 0.40174320799999996 0.200812264 255 255 0
0.010983742 0.42099549599999997 -0.05571133599999999 255 255 0
0.060090186399999995 0.33123201599999996 0.346934392 255 255 0
-0.18843660799999998 0.39729555999999994 0.079425256 255 255 0
0.09326316 0.422864568 -0.0320316216 255 255 0
0.187568864 0.423513904 0.039229039199999996 255 255 0
0.038047575199999996 0.43575560799999996 0.38679008 255 255 0
-0.183445884 0.428667192 0.0162089188 255 255 0
-0.13536381359999997 0.44032653599999994 -0.00766011688 255 255 0
0.13894472959999998 0.44148150399999997 -0.0102565188 255 255 0
-0.050337027199999995 0.458368656 0.390571096 255 255 0
-0.172879132 0.4269996 0.251372336 255 255 0
0.18141492879999999 0.46088761599999994 0.254317808 255 255 0
-0.042818456 0.5263089999999999 -0.0462461552 255 255 0
-0.08350694639999999 0.46260378399999996 -0.029933524799999996 255 255 0
0.0042685111199999995 0.4671916399999999 -0.047190314399999995 255 255 0
0.0647687176 0.492388416 0.39573266399999996 255 255 0
0.11101200239999999 0.461591784 0.35652134399999996 255 255 0
0.208566576 0.47594856799999996 0.1363148544 255 255 0
0.1356681128 0.5008928959999999 -0.0887730816 255 255 0
-0.0553051376 0.5125989759999999 0.394823152 255 255 0
0.181412408 0.44224491999999993 -0.0029511263199999997 255 255 0
0.19963926399999998 0.48030807999999997 0.1784441384 255 255 0
0.195041104 0.46058567199999995 0.00200007264 255 255 0
-0.15806105999999998 0.524518128 -0.09671277359999998 64 0 192
-0.17877338799999998 0.45197299999999996 -0.014290924879999998 255 255 0
-0.197115704 0.4638842399999999 0.011838449599999998 255 255 0
0.0761656592 0.507388832 -0.044096391199999994 255 255 0
-0.1024556344 0.469480048 0.36541204 255 255 0
-0.20977895199999996 0.4929691199999999 0.12052502319999998 255 255 0
-0.21129051199999999 0.50130064 0.06825461599999999 255 255 0
-0.08310420719999999 0.497940616 -0.040159619199999996 255 255 0
-0.20549672 0.632966072 0.19958222399999997 255 255 0
0.10271165199999999 0.5286522399999999 0.37163399999999996 255 255 0
0.184246376 0.5417173439999999 -0.078729092 192 0 64
-0.13019503279999997 0.5013838079999999 -0.08742717679999999 255 255 0
0.21180718399999998 0.4961688799999999 0.0778866112 255 255 0
0.21113300799999998 0.560102624 -0.005512505679999999 255 255 0
0.034909859999999994 0.5756716 -0.048142091199999994 255 255 0
-0.1492866336 0.4980051999999999 0.328707352 255 255 0
0.20131734399999998 0.5601742 0.24341268 255 255 0
0.06404616799999999 0.5701263919999999 -0.0701095568 192 0 64
-0.186429536 0.544340448 -0.07370546879999999 64 0 192
-0.193785856 0.5372341839999999 0.27222873599999997 255 255 0
0.12429015999999998 0.5722136879999999 -0.1442652736 192 0 64
-0.1059351848 0.534205544 0.36694292 255 255 0
0.1703042544 0.5121989599999999 0.30817258399999997 255 255 0
-0.205839328 0.557814584 -0.0212720744 255 255 0
-0.1750839488 0.59384436 -0.08190323919999999 64 0 192
0.05313447119999999 0.5794535359999999 0.38158361599999996 255 255 0
0.210465824 0.5723634639999999 0.155822424 255 255 0
0.1642997456 0.590119096 -0.10203948159999998 192 0 64
0.07054201199999999 0.613590504 -0.12090812959999998 192 0 64
-0.0551879112 0.5859192959999999 -0.0666022224 64 0 192
0.13979300639999998 0.6117551039999999 0.327859664 255 255 0
-0.208425264 0.6396850159999999 0.07080642 255 255 0
-0.1030685752 0.57030156 -0.13853247759999998 64 0 192
-0.14319606799999998 0.6054751839999999 0.325105 255 255 0
-0.05575315919999999 0.583480376 0.380555608 255 255 0
-0.0268363816 0.599928136 -0.045027247199999995 255 255 0
0.16548632479999997 0.675232344 -0.131845476 192 0 64
-0.1366094936 0.587238208 -0.14227641759999998 64 0 192
0.09508488879999999 0.549725024 -0.1052257544 192 0 64
-0.07152935599999999 0.6051914559999999 -0.12320643679999999 64 0 192
0.20364107999999997 0.647626088 0.20343941599999998 255 255 0
0.19613829599999996 0.6162423119999999 -0.025806018399999995 255 255 0
-0.056674852 0.6440263119999999 -0.0924951992 64 0 192
-0.00319628976 0.6983075999999999 -0.023540536799999998 255 255 0
-0.09578092399999999 0.6425292879999999 -0.20571365599999997 64 0 192
0.208973216 0.642821848 0.0831227544 255 255 0
-0.0343955616 0.6891000559999999 -0.041199624 255 255 0
0.0411711776 0.6702214719999999 -0.054091565599999995 255 255 0
0.09135294559999999 0.649429104 -0.20494913599999998 192 0 64
-0.195534224 0.616821544 -0.020765632799999996 255 255 0
-0.1811625728 0.647491768 0.27266426399999993 255 255 0
0.06576445199999999 0.6825207679999999 -0.19725352 192 0 64
0.14184145999999997 0.6296042079999999 -0.1753311528 192 0 64
-0.1088920648 0.70119364 0.308961392 255 255 0
0.014798726239999999 0.6690582239999999 -0.031131824799999996 255 255 0
-0.1537618448 0.640401144 -0.144599344 64 0 192
-0.06042685119999999 0.680897336 -0.1805552808 64 0 192
0.1112491048 0.641671848 -0.208882504 192 0 64
-0.0200075344 0.7264417519999999 0.33009029599999995 255 255 0
0.18244181439999999 0.650079176 0.271397608 255 255 0
0.19723364799999998 0.6836174079999999 -0.00721646528 255 255 0
-0.18061110639999997 0.665300208 -0.0904465248 64 0 192
-0.13143007759999997 0.643046512 -0.201235096 64 0 192
0.15922887119999998 0.7348641679999999 -0.225070088 192 0 64
0.1027628224 0.730015032 -0.33924245599999997 192 0 64
-0.186615008 0.7026196399999999 0.19443519199999998 255 255 0
-0.14150915599999997 0.703952536 -0.26870587199999996 64 0 192
-0.033613396 0.7614017519999999 0.29953157599999997 255 255 0
-0.18949976 0.6974387519999999 -0.0378058912 255 255 0
0.18962929599999997 0.7148041199999999 0.1615702896 255 255 0
-0.0509560216 0.7118551519999999 -0.188060696 64 0 192
0.0867267072 0.729861392 -0.33138473599999996 192 0 64
0.019207962399999997 0.725237288 0.33084396 255 255 0
0.14770296399999996 0.7485690399999999 0.228779344 255 255 0
-0.15986757199999999 0.7218798399999999 -0.12295551599999999 64 0 192
-0.07681595199999999 0.7437519199999999 -0.34918986399999996 64 0 192
0.1148049416 0.700891144 0.307552136 255 255 0
0.037890402399999995 0.751031696 -0.021360136799999995 255 255 0
-0.0550170856 0.7048438319999999 -0.0979307432 64 0 192
0.1456863976 0.7923893759999999 0.1462614712 255 255 0
-0.07555299439999999 0.767742944 -0.11096568959999999 64 0 192
0.0514666584 0.6887863359999999 -0.09405500399999998 192 0 64
0.14597649199999999 0.758029768 -0.12668814 192 0 64
0.12625929119999998 0.751243296 -0.33602447999999996 192 0 64
-0.19247228 0.7101643759999999 0.10120745199999999 255 255 0
0.1437800104 0.700060936 -0.267713928 192 0 64
0.08757038399999999 0.777543888 0.262135416 255 255 0
-0.14176756559999998 0.738609856 0.247236936 255 255 0
-0.001727290616 0.7924075919999999 0.0509591864 255 255 0
-0.1751955448 0.7517938239999999 -0.025099237599999998 255 255 0
0.0659203552 0.7591762719999999 -0.337143936 192 0 64
-0.0919696216 0.7821203359999999 0.25585972799999995 255 255 0
-0.0294345536 0.735931736 -0.0189351456 255 255 0
0.17971371999999997 0.7372587439999999 -0.03557087999999999 255 255 0
-0.131179212 0.7782136479999999 -0.321190952 64 0 192
-0.10984225919999999 0.7389780399999999 -0.346517448 64 0 192
0.07704661439999999 0.770947488 -0.109407044 192 0 64
-0.15754203279999998 0.7477445359999999 -0.24334294399999998 64 0 192
-0.06772784239999999 0.7833001439999999 -0.7690495279999999 64 0 192
-0.1518113712 0.7618203519999999 -0.765984088 64 0 192
0.00388790896 0.792897216 0.33217667199999995 255 255 0
0.1555943928 0.7896279039999999 0.0030265368799999998 255 255 0
0.050877030399999995 0.728592344 -0.203016768 192 0 64
-0.081435824 0.783358288 -0.42532961599999997 64 0 192
0.11647229439999998 0.7434564159999999 -0.763807736 192 0 64
-0.0933719592 0.749152688 -0.7640077439999999 64 0 192
0.076311332 0.7631738559999999 -0.769331968 192 0 64
-0.11977259199999998 0.7929397199999999 -0.16190774559999999 64 0 192
0.1294582784 0.7879707999999999 -0.323088176 192 0 64
-0.0631833184 0.7800512559999999 -0.355997128 64 0 192
-0.1036471816 0.77669344 -0.422390216 64 0 192
0.09649925999999999 0.788147808 -0.115746028 192 0 64
-0.1363148728 0.7681703759999999 -0.12169014799999998 64 0 192
-0.12433882799999998 0.8060200959999999 -0.403972736 64 0 192
-0.10548863519999999 0.806843864 -0.527319528 64 0 192
-0.025391631999999997 0.8178334479999999 0.3081448 255 255 0
-0.0941067816 0.786099704 -0.10748615759999999 64 0 192
0.0755539512 0.845075016 -0.33777248 192 0 64
0.11860424719999998 0.8034012239999999 -0.42754516 192 0 64
-0.08860842 0.818005672 -0.6656464959999999 64 0 192
0.06782385359999998 0.8125822719999999 -0.7659910799999999 192 0 64
-0.0844797544 0.855034384 -0.76433232 64 0 192
0.03736922239999999 0.7799430639999999 0.26869612 255 255 0
0.01768233008 0.80256016 0.05156894399999999 255 255 0
-0.07894291839999999 0.8212972479999999 -0.23514427199999996 64 0 192
0.0630196136 0.7929196639999999 -0.33592272799999995 192 0 64
0.1052630328 0.782313352 -0.43260516 192 0 64
-0.0336435352 0.818392808 0.18653717599999997 255 255 0
0.022433390399999996 0.8019833199999999 0.22663445599999998 255 255 0
-0.13723145039999998 0.797847184 0.16127416 255 255 0
0.00556238624 0.8050040479999999 -0.01613137752 255 255 0
-0.09711875119999999 0.827811584 -0.28533468799999995 64 0 192
0.08878597999999999 0.7921047279999999 -0.470912304 192 0 64
0.1614333752 0.7962088479999999 -0.7637633919999999 192 0 64
0.028832431999999998 0.7695783439999999 0.30841748799999996 255 255 0
-0.07696859839999999 0.8101523679999999 0.218127768 255 255 0
0.0946877984 0.81347964 -0.0028997700799999995 255 255 0
0.12771451039999998 0.8163656799999999 0.028427705599999995 255 255 0
0.1327304056 0.7740337199999999 -0.1140769456 192 0 64
0.07314533599999999 0.8183974079999999 -0.28424301599999996 192 0 64
0.07455006559999999 0.8131758559999999 -0.4601865759999999 192 0 64
0.0993267328 0.8140588719999999 -0.5977602479999999 192 0 64
-0.08698769279999999 0.8201673039999999 -0.658297904 64 0 192
-0.13783596399999998 0.822242456 -0.7046475039999999 64 0 192
-0.0639593568 0.8057196239999999 0.010841903759999999 255 255 0
0.11485966319999999 0.820999168 -0.568720264 192 0 64
0.1269630176 0.81520832 -0.6376985519999999 192 0 64
-0.10370942879999999 0.8120622879999999 -0.599327744 64 0 192
-0.12042985839999999 0.819921112 -0.6767819919999999 64 0 192
0.1281677944 0.8350922799999999 -0.680064736 192 0 64
0.0923482016 0.8163691759999999 0.20503340799999997 255 255 0
-0.09925846879999999 0.824821032 0.1494656104 255 255 0
-0.1490301376 0.8011231199999999 0.0338091536 255 255 0
-0.021522185599999997 0.823479856 -0.14326424 255 255 0
-0.00819892408 0.81759756 -0.22198275199999998 255 255 0
0.08800202959999999 0.8165894239999999 -0.214000096 192 0 64
0.0191224944 0.820946728 -0.26691555199999994 255 255 0
-0.06449980159999999 0.812668568 -0.326801848 64 0 192
-0.07427266719999999 0.8451331599999999 -0.348762248 64 0 192
0.0376677072 0.8428883599999999 -0.1176157624 255 255 0
-0.030008394399999996 0.820512488 0.0030069132799999997 255 255 0
-0.000788731088 0.8220177919999999 -0.34951977599999995 255 255 0
0.0684208784 0.779681784 -0.400489616 192 0 64
-0.08570484479999999 0.8268788879999999 -0.5902983119999999 64 0 192
-0.049674443199999994 0.825606712 0.07951918799999999 255 255 0
0.11302233119999999 0.8273493759999999 0.079830976 255 255 0
-0.1128136568 0.823724392 0.028527672799999997 255 255 0
0.01631683296 0.8235326639999999 -0.12115511279999998 255 255 0
0.030930675999999997 0.8367832399999999 -0.39271671999999996 255 255 0
-0.0713007544 0.7988783199999999 -0.41516269599999994 64 0 192
0.1231030288 0.8387778 -0.567917288 192 0 64
0.0032323427199999998 0.8655507199999999 0.28698958399999996 255 255 0
0.0401516336 0.8287733519999999 0.13212830239999998 255 255 0
0.04514780399999999 0.82229968 0.0756174312 255 255 0
-0.04894694399999999 0.8379233039999999 -0.046814218399999996 255 255 0
-0.0945984112 0.8541837519999999 -0.352319704 64 0 192
0.09601497199999999 0.8295492799999999 -0.28742179999999995 192 0 64
-0.027545591199999997 0.8293049279999999 -0.339491592 255 255 0
-0.0102080808 0.834122968 -0.44575490399999995 255 255 0
-0.12084185279999998 0.8196268959999999 -0.478329344 64 0 192
0.11580032639999999 0.8304221759999999 -0.479288904 192 0 64
-0.12257275919999998 0.8420346 -0.576191032 64 0 192
0.0889757576 0.8175375759999999 -0.6629192479999999 192 0 64
0.0550100936 0.867172496 -0.387365448 255 255 0
0.123069504 0.80878672 -0.367639544 192 0 64
0.07682877679999998 0.83885232 -0.40613712799999996 192 0 64
0.08136757839999999 0.836080728 -0.599491504 192 0 64
-0.08389949199999999 0.8558634879999999 -0.692249032 64 0 192
0.0884630416 0.868611008 -0.7553339839999998 192 0 64
-0.0370191992 0.829808168 0.25329992 255 255 0
0.037615488 0.8198103439999999 0.27802988799999995 255 255 0
-0.05680385439999999 0.865569488 -0.36572575999999996 255 255 0
-0.07553205519999999 0.837938208 -0.40257470399999995 64 0 192
-0.08302957679999999 0.868268584 -0.647544944 64 0 192
-0.11594857519999999 0.8614708879999999 -0.6861799759999999 64 0 192
0.0318554416 0.8595361279999999 0.2507 255 255 0
-0.0464103384 0.8572359439999999 0.11236835839999999 255 255 0
0.04222457759999999 0.844696528 -0.006600149919999999 255 255 0
0.09554297519999999 0.853244248 -0.356378928 192 0 64
-0.0928427936 0.8521814639999999 -0.404645808 64 0 192
0.042394777599999996 0.8599764399999998 0.10897979599999999 255 255 0
-0.05871443679999999 0.8795321439999999 -0.01298490024 255 255 0
0.052467084799999994 0.8593850639999999 -0.22246151999999997 255 255 0
-0.042674015999999995 0.8628078319999999 -0.45725637599999996 255 255 0
0.133376632 0.8557687279999999 -0.6458309839999999 192 0 64
-0.1002878752 0.8770843919999999 -0.7306658399999999 64 0 192
-0.057215793599999995 0.8693079999999999 -0.1586039704 255 255 0
0.04728128399999999 0.8649034079999999 -0.32286056799999996 255 255 0
0.09293383679999999 0.857040536 -0.42611842399999994 192 0 64
0.10174392239999999 0.8677062799999999 -0.693597936 192 0 64
0.0761777848 0.8269394239999999 -0.7118733679999999 192 0 64
-0.1471074848 0.8417861999999999 -0.766454944 64 0 192
0.081633164 0.8678475919999998 -0.5395846 192 0 64
0.1290939584 0.867879424 -0.76665716 192 0 64
0.0990755544 0.878055728 -0.5497544639999999 192 0 64
-0.030956435999999997 0.8742487679999998 0.245394544 255 255 0
0.054500523999999995 0.8791396719999999 0.0197870288 255 255 0
0.09250191519999999 0.8907129039999999 -0.654398944 192 0 64
-0.0819898296 0.8700962559999998 -0.5426712 64 0 192
0.0544354248 0.880012936 -0.10479250799999999 255 255 0
0.0545176176 0.883807752 -0.312024992 255 255 0
0.049676872 0.8970305439999999 -0.0650872032 255 255 0
-0.0597128392 0.8829370639999999 -0.32570024 255 255 0
0.0280749592 0.86980112 -0.451044352 255 255 0
-0.135786848 0.845913504 -0.6392277759999999 64 0 192
-0.10436332799999999 0.893492224 -0.6489442639999999 64 0 192
-0.00043391726399999995 0.90885512 0.173101588 255 255 0
-0.0238346608 0.908655296 0.10996333119999999 255 255 0
-0.0408021288 0.909985064 -0.3813124 255 255 0
-0.0445698784 0.9017287999999999 -0.07311260239999999 255 255 0
0.018935531999999998 0.917213136 -0.059703197599999994 255 255 0
-0.020512871999999998 0.916449168 -0.446479496 255 255 0
-0.045199250399999995 0.889966784 -0.4563245999999999 255 255 0
0.0355410536 0.8965195759999999 0.1078815368 255 255 0
-0.0340409936 0.9063411279999999 -0.20343315999999997 255 255 0
0.024833946399999998 0.913810608 -0.45188946399999996 255 255 0
0.0346817736 0.9058873839999999 -0.243915736 255 255 0
-0.0015009662 0.9145182719999999 -0.24902412799999996 255 255 0
0.0028456924799999997 0.921554616 -0.07169298719999999 255 255 0
0.036508120799999995 0.9150130479999999 -0.394027536 255 255 0
3 3 0 1
3 0 7 2
3 3 8 0
3 2 1 0
3 4 0 8
3 1 2 6
3 4 7 0
3 6 3 1
3 2 5 6
3 7 11 2
3 3 14 8
3 3 6 14
3 5 9 6
3 5 2 11
3 6 9 14
3 10 4 8
3 4 13 7
3 18 4 10
3 11 7 13
3 12 14 9
3 4 18 13
3 29 5 11
3 16 9 5
3 11 13 15
3 12 9 16
3 14 21 8
3 5 29 16
3 12 19 14
3 13 18 24
3 15 13 17
3 21 10 8
3 19 12 16
3 15 29 11
3 16 29 26
3 23 21 14
3 19 16 20
3 17 13 24
3 14 19 23
3 22 17 24
3 18 31 24
3 18 10 31
3 17 22 15
3 25 29 15
3 10 21 38
3 16 26 20
3 24 31 30
3 38 31 10
3 24 33 22
3 24 30 33
3 23 28 21
3 22 25 15
3 19 20 48
3 45 28 23
3 19 48 23
3 32 44 27
3 34 22 35
3 38 21 28
3 33 39 22
3 25 22 34
3 44 32 47
3 30 41 33
3 33 41 44
3 35 22 39
3 38 30 31
3 29 25 42
3 35 36 37
3 40 32 27
3 26 29 42
3 41 27 44
3 39 54 36
3 39 33 43
3 44 43 33
3 40 27 41
3 35 39 36
3 52 34 35
3 45 23 48
3 40 57 32
3 51 25 34
3 54 37 36
3 41 57 40
3 38 50 30
3 25 51 42
3 41 30 50
3 53 38 28
3 34 52 51
3 45 53 28
3 26 42 55
3 20 26 55
3 48 20 49
3 43 54 39
3 46 54 43
3 43 44 47
3 37 52 35
3 57 47 32
3 54 59 37
3 52 37 59
3 62 51 52
3 57 41 50
3 51 56 42
3 56 51 62
3 48 64 45
3 64 48 49
3 53 63 38
3 42 56 55
3 55 49 20
3 57 50 69
3 63 50 38
3 43 70 46
3 61 56 62
3 66 52 59
3 64 53 45
3 47 57 58
3 55 56 60
3 55 60 49
3 46 71 54
3 53 64 63
3 43 47 72
3 56 61 60
3 60 67 49
3 70 71 46
3 69 50 65
3 65 50 63
3 72 47 58
3 60 61 67
3 65 63 64
3 68 64 49
3 72 70 43
3 67 68 49
3 81 58 57
3 62 52 66
3 64 68 77
3 61 62 82
3 61 82 85
3 62 66 82
3 66 59 88
3 69 81 57
3 70 72 74
3 69 65 105
3 73 67 79
3 68 67 73
3 72 58 122
3 122 58 81
3 85 67 61
3 54 71 59
3 75 105 65
3 65 64 76
3 77 76 64
3 105 81 69
3 67 85 79
3 70 74 80
3 72 122 74
3 76 77 78
3 82 66 88
3 75 65 76
3 83 79 85
3 77 68 84
3 84 68 73
3 71 87 59
3 87 88 59
3 71 70 80
3 85 99 83
3 78 77 84
3 84 73 86
3 98 85 82
3 73 79 86
3 89 84 86
3 87 71 80
3 95 75 76
3 78 84 89
3 106 76 78
3 93 79 83
3 86 79 93
3 89 86 90
3 98 82 92
3 94 106 78
3 88 92 82
3 99 85 98
3 75 95 105
3 78 89 94
3 95 76 106
3 90 86 100
3 96 97 90
3 91 101 90
3 97 91 90
3 93 83 114
3 100 86 93
3 90 100 96
3 101 91 108
3 103 108 91
3 103 97 109
3 94 89 90
3 91 97 103
3 122 174 74
3 133 88 87
3 116 106 94
3 101 102 90
3 119 108 103
3 99 114 83
3 100 93 107
3 94 90 102
3 96 100 110
3 96 110 97
3 97 110 111
3 103 109 120
3 80 74 174
3 175 88 133
3 104 102 101
3 104 101 108
3 107 93 114
3 103 121 119
3 81 160 122
3 107 110 100
3 111 109 97
3 113 104 108
3 108 119 113
3 121 103 120
3 95 124 105
3 128 94 102
3 112 102 104
3 117 111 110
3 115 104 113
3 127 109 111
3 116 95 106
3 116 94 128
3 112 128 102
3 115 112 104
3 111 117 118
3 175 92 88
3 134 117 110
3 127 111 118
3 116 124 95
3 128 112 123
3 123 112 115
3 129 118 117
3 107 134 110
3 129 117 134
3 115 125 123
3 132 120 109
3 121 126 119
3 160 81 105
3 128 123 157
3 113 135 115
3 126 113 119
3 115 135 138
3 167 98 92
3 99 98 130
3 139 132 109
3 174 122 166
3 105 162 160
3 124 162 105
3 114 99 130
3 116 152 124
3 156 107 114
3 123 168 157
3 113 126 135
3 139 109 127
3 154 121 120
3 128 152 116
3 156 134 107
3 121 154 126
3 122 160 166
3 167 92 175
3 156 141 134
3 125 168 123
3 118 139 127
3 120 132 143
3 80 133 87
3 167 130 98
3 128 157 152
3 115 146 125
3 118 129 131
3 115 138 146
3 139 118 131
3 142 139 131
3 130 167 182
3 114 130 156
3 129 134 141
3 154 135 126
3 138 135 140
3 142 151 158
3 137 159 145
3 200 168 125
3 148 129 141
3 131 129 176
3 151 142 131
3 139 142 143
3 138 140 149
3 143 142 147
3 159 137 172
3 146 200 125
3 143 132 139
3 149 140 150
3 189 129 148
3 131 176 151
3 120 143 222
3 140 135 154
3 149 150 170
3 178 142 158
3 147 142 178
3 137 216 172
3 145 165 137
3 243 175 133
3 136 144 194
3 168 217 157
3 129 189 176
3 154 120 222
3 177 140 154
3 159 186 145
3 180 145 186
3 80 173 133
3 130 182 156
3 141 156 212
3 150 140 177
3 143 147 161
3 221 144 179
3 155 136 181
3 152 162 124
3 141 206 148
3 158 151 163
3 147 178 164
3 137 165 229
3 174 173 80
3 166 160 199
3 162 199 160
3 154 222 153
3 170 169 149
3 161 184 143
3 171 158 163
3 158 171 178
3 172 186 159
3 181 136 194
3 136 207 144
3 162 152 211
3 239 146 138
3 177 214 150
3 214 191 150
3 185 150 191
3 194 144 188
3 144 221 188
3 180 165 145
3 207 179 144
3 238 167 175
3 212 206 141
3 146 239 200
3 196 239 138
3 176 163 151
3 169 196 149
3 177 154 153
3 150 185 170
3 204 221 179
3 173 174 254
3 148 244 189
3 149 196 138
3 137 229 216
3 136 155 207
3 205 156 182
3 211 152 157
3 247 168 200
3 176 232 163
3 143 183 222
3 161 147 164
3 228 155 181
3 238 175 243
3 205 212 156
3 168 247 217
3 153 233 177
3 170 185 190
3 195 186 172
3 174 166 254
3 166 230 254
3 232 176 189
3 184 183 143
3 233 214 177
3 201 178 171
3 161 164 235
3 185 191 193
3 192 178 201
3 188 197 194
3 180 186 187
3 179 207 204
3 243 133 173
3 169 249 196
3 213 163 232
3 178 192 164
3 190 185 193
3 187 186 202
3 216 195 172
3 290 238 243
3 199 162 211
3 211 157 217
3 233 153 248
3 223 184 161
3 235 223 161
3 190 241 170
3 192 235 164
3 202 186 218
3 194 197 198
3 182 167 238
3 206 244 148
3 171 163 213
3 224 169 170
3 191 214 234
3 224 170 241
3 193 208 197
3 203 190 193
3 203 193 197
3 201 202 192
3 242 218 186
3 195 242 186
3 210 165 180
3 239 278 200
3 196 249 245
3 263 184 223
3 191 234 193
3 226 235 192
3 218 226 192
3 202 218 192
3 203 197 188
3 219 194 198
3 227 203 188
3 227 188 221
3 180 187 220
3 232 189 231
3 193 234 208
3 208 198 197
3 181 194 219
3 283 199 211
3 247 285 217
3 244 231 189
3 153 222 240
3 240 248 153
3 233 248 246
3 171 213 250
3 225 171 250
3 225 201 171
3 234 214 233
3 241 190 203
3 202 201 209
3 202 220 187
3 228 207 155
3 206 287 244
3 239 196 245
3 169 224 249
3 225 215 201
3 165 210 229
3 267 198 208
3 195 216 210
3 166 199 230
3 293 182 238
3 217 283 211
3 278 247 200
3 215 209 201
3 203 251 241
3 220 202 209
3 228 181 219
3 221 275 227
3 229 210 216
3 228 221 207
3 207 221 204
3 182 293 205
3 212 279 206
3 232 231 255
3 184 263 183
3 226 236 235
3 260 226 218
3 198 267 268
3 203 227 251
3 268 219 198
3 242 260 218
3 180 220 210
3 253 195 210
3 173 254 237
3 222 183 281
3 236 223 235
3 224 241 272
3 251 261 241
3 275 251 227
3 242 195 252
3 243 173 237
3 217 285 283
3 245 262 239
3 183 269 281
3 257 248 240
3 256 213 232
3 183 263 269
3 224 258 249
3 241 261 272
3 208 234 266
3 208 266 267
3 260 236 226
3 252 260 242
3 228 219 274
3 195 253 252
3 271 213 256
3 270 246 248
3 245 249 264
3 213 271 250
3 249 258 264
3 246 258 233
3 265 225 250
3 266 234 233
3 290 243 237
3 199 283 282
3 256 232 255
3 270 248 257
3 245 264 277
3 265 250 271
3 266 233 258
3 224 272 258
3 236 265 223
3 225 259 215
3 236 260 259
3 209 215 276
3 274 219 268
3 276 220 209
3 210 220 253
3 275 228 274
3 228 275 221
3 290 293 238
3 212 205 279
3 231 244 304
3 255 231 304
3 278 239 262
3 262 245 277
3 265 271 263
3 270 258 246
3 265 263 223
3 264 258 270
3 266 258 272
3 236 259 265
3 276 215 259
3 273 268 267
3 251 273 261
3 251 275 273
3 276 260 252
3 244 287 304
3 222 281 289
3 222 289 292
3 256 281 269
3 256 269 271
3 277 270 257
3 272 261 266
3 265 259 225
3 261 267 266
3 261 273 267
3 260 276 259
3 273 274 268
3 286 285 247
3 255 281 256
3 264 270 277
3 271 269 263
3 276 253 220
3 276 252 253
3 247 278 286
3 274 273 275
3 237 254 230
3 302 230 199
3 199 282 302
3 206 279 287
3 292 240 222
3 284 293 290
3 277 280 262
3 257 240 280
3 257 280 277
3 291 286 278
3 296 287 279
3 255 288 281
3 292 308 240
3 290 237 298
3 284 314 293
3 283 301 300
3 262 280 278
3 281 307 289
3 294 279 205
3 285 297 283
3 305 279 294
3 305 296 279
3 297 285 286
3 295 297 286
3 286 291 295
3 278 280 291
3 288 255 304
3 230 299 237
3 299 230 302
3 282 283 300
3 301 283 297
3 304 287 296
3 280 240 308
3 282 321 302
3 293 294 205
3 298 237 299
3 281 288 307
3 298 284 290
3 305 294 317
3 293 322 294
3 322 317 294
3 295 336 297
3 304 306 288
3 305 317 330
3 280 303 291
3 280 308 303
3 322 293 314
3 307 288 306
3 323 308 292
3 300 309 282
3 302 321 312
3 284 313 314
3 282 309 321
3 304 296 315
3 320 299 302
3 333 315 296
3 298 299 311
3 291 310 295
3 310 291 303
3 306 304 315
3 292 289 324
3 302 312 320
3 296 305 330
3 301 297 325
3 333 296 330
3 298 311 284
3 311 313 284
3 301 309 300
3 310 336 295
3 323 292 324
3 320 312 329
3 311 299 320
3 336 325 297
3 307 306 318
3 327 313 311
3 301 326 309
3 308 323 319
3 332 303 308
3 332 308 319
3 311 320 327
3 349 309 326
3 326 301 325
3 319 323 328
3 320 329 327
3 310 303 331
3 312 321 339
3 335 330 317
3 338 324 289
3 306 315 318
3 289 307 342
3 324 328 323
3 322 335 317
3 318 316 307
3 307 316 342
3 328 324 338
3 334 314 313
3 321 309 349
3 331 303 332
3 334 313 327
3 310 344 336
3 310 331 344
3 361 335 322
3 329 312 339
3 325 350 326
3 289 342 338
3 349 339 321
3 341 327 329
3 329 339 341
3 334 361 314
3 314 361 322
3 340 316 318
3 337 327 341
3 330 346 333
3 360 361 334
3 330 335 346
3 336 358 325
3 316 340 342
3 345 315 333
3 352 344 331
3 327 343 334
3 345 318 315
3 343 327 337
3 356 333 346
3 352 331 332
3 350 349 326
3 318 345 340
3 334 343 360
3 358 350 325
3 337 341 377
3 358 336 344
3 332 319 353
3 341 339 351
3 342 354 338
3 335 361 364
3 353 352 332
3 354 342 340
3 319 328 347
3 351 339 349
3 333 356 345
3 353 319 347
3 338 357 328
3 364 346 335
3 340 345 359
3 328 357 347
3 351 349 355
3 358 344 348
3 357 338 354
3 337 377 375
3 375 372 337
3 351 377 341
3 354 340 359
3 343 372 360
3 348 344 352
3 357 354 366
3 369 350 358
3 343 337 372
3 355 349 367
3 363 353 347
3 350 367 349
3 377 351 380
3 346 364 368
3 345 356 362
3 353 365 352
3 369 367 350
3 356 346 368
3 373 354 359
3 347 357 366
3 355 380 351
3 376 369 358
3 381 356 368
3 358 348 383
3 359 345 374
3 363 365 353
3 366 354 373
3 345 362 374
3 347 366 379
3 352 365 348
3 374 362 370
3 364 361 360
3 358 383 376
3 347 379 382
3 363 347 382
3 372 371 360
3 373 359 374
3 373 379 366
3 371 364 360
3 362 356 381
3 378 368 364
3 383 348 365
3 390 367 369
3 363 382 365
3 355 395 380
3 376 396 369
3 381 385 362
3 370 362 385
3 367 395 355
3 378 364 389
3 370 386 374
3 375 388 372
3 371 417 364
3 378 407 368
3 377 388 375
3 377 380 384
3 407 381 368
3 386 373 374
3 371 372 406
3 371 406 417
3 383 365 399
3 370 385 403
3 377 384 388
3 394 384 380
3 399 365 387
3 373 386 392
3 382 379 393
3 393 373 392
3 390 369 400
3 408 385 381
3 403 386 370
3 365 382 387
3 379 373 393
3 400 369 396
3 414 376 383
3 401 383 399
3 394 380 395
3 395 367 424
3 414 396 376
3 408 381 407
3 404 385 408
3 404 403 385
3 382 405 387
3 382 393 405
3 389 364 417
3 389 407 378
3 401 414 383
3 384 394 388
3 391 393 392
3 388 406 372
3 390 424 367
3 392 386 409
3 397 399 387
3 421 407 389
3 391 392 409
3 412 401 399
3 413 386 403
3 388 398 406
3 394 395 411
3 417 421 389
3 387 405 397
3 413 409 386
3 403 402 413
3 388 394 398
3 424 411 395
3 399 397 412
3 406 423 417
3 428 400 396
3 415 414 401
3 404 408 425
3 412 415 401
3 393 391 405
3 405 440 397
3 422 397 440
3 397 422 412
3 396 414 428
3 404 420 403
3 404 425 420
3 406 398 423
3 403 420 402
3 400 418 390
3 409 413 434
3 390 418 424
3 400 428 418
3 408 433 425
3 394 427 398
3 421 410 407
3 407 410 408
3 405 419 440
3 411 424 432
3 427 394 411
3 398 436 423
3 391 416 405
3 417 423 435
3 391 409 431
3 416 419 405
3 409 434 431
3 429 412 422
3 398 427 436
3 433 408 410
3 415 428 414
3 402 420 426
3 402 434 413
3 391 437 416
3 434 441 431
3 402 439 434
3 435 421 417
3 420 425 426
3 412 443 415
3 443 412 429
3 435 452 421
3 447 428 415
3 428 442 418
3 426 425 451
3 391 431 437
3 419 430 440
3 439 402 426
3 436 435 423
3 432 424 461
3 429 422 454
3 439 464 434
3 410 421 452
3 457 439 426
3 440 430 453
3 442 461 418
3 451 425 433
3 456 416 437
3 419 449 430
3 446 434 464
3 411 432 427
3 418 461 424
3 447 442 428
3 443 447 415
3 451 463 426
3 441 444 431
3 426 463 457
3 454 438 429
3 440 453 450
3 422 440 459
3 470 451 433
3 437 431 448
3 449 416 456
3 449 419 416
3 438 443 429
3 434 446 441
3 437 445 456
3 448 445 437
3 459 440 450
3 459 454 422
3 436 427 474
3 435 436 455
3 478 427 432
3 462 447 443
3 439 457 464
3 427 478 474
3 448 431 444
3 445 448 494
3 438 462 443
3 436 474 460
3 435 455 452
3 465 438 454
3 446 458 441
3 454 459 487
3 410 452 467
3 433 410 486
3 483 430 449
3 467 486 410
3 444 480 448
3 472 444 441
3 472 441 458
3 483 504 430
3 487 465 454
3 464 457 468
3 447 471 442
3 462 471 447
3 457 463 476
3 430 504 453
3 436 460 455
3 470 463 451
3 459 466 487
3 478 432 461
3 461 442 471
3 499 468 457
3 458 446 477
3 466 459 450
3 491 470 433
3 450 453 492
3 446 464 497
3 466 450 473
3 499 457 476
3 497 464 468
3 486 491 433
3 438 495 462
3 476 463 470
3 444 472 480
3 477 446 497
3 452 455 489
3 467 452 489
3 479 449 456
3 475 478 461
3 479 483 449
3 448 480 494
3 438 484 495
3 455 460 469
3 462 495 471
3 453 504 492
3 472 458 477
3 492 473 450
3 531 467 489
3 490 445 494
3 445 479 456
3 487 466 485
3 438 465 484
3 488 478 475
3 461 471 475
3 483 479 498
3 498 504 483
3 472 559 480
3 455 469 493
3 471 481 475
3 486 554 491
3 486 467 531
3 470 514 476
3 499 496 468
3 510 487 485
3 495 503 471
3 480 482 494
3 470 491 514
3 480 559 526
3 472 477 511
3 466 473 528
3 474 502 460
3 488 474 478
3 455 493 489
3 479 445 490
3 472 511 559
3 512 497 515
3 466 528 485
3 477 497 512
3 528 473 564
3 501 500 507
3 536 474 488
3 554 486 531
3 471 503 481
3 518 494 482
3 468 496 497
3 497 496 515
3 564 473 492
3 477 512 505
3 521 501 507
3 504 527 492
3 511 477 505
3 508 535 506
3 502 474 536
3 536 488 524
3 552 488 475
3 495 540 503
3 484 540 495
3 482 480 526
3 509 499 476
3 465 487 510
3 508 506 584
3 508 522 535
3 490 494 546
3 484 465 510
3 554 514 491
3 476 514 509
3 527 564 492
3 584 506 535
3 502 517 460
3 531 489 493
3 479 490 525
3 498 479 513
3 518 514 568
3 482 526 518
3 533 499 509
3 510 485 586
3 545 501 521
3 508 584 612
3 469 460 517
3 530 536 524
3 493 469 537
3 538 479 525
3 513 479 538
3 518 546 494
3 514 554 568
3 528 520 485
3 564 534 528
3 523 500 501
3 592 536 530
3 524 488 552
3 552 475 481
3 541 504 498
3 484 510 578
3 505 571 511
3 512 581 516
3 584 535 551
3 500 521 507
3 537 469 529
3 503 540 539
3 513 557 498
3 514 518 509
3 578 540 484
3 520 586 485
3 515 581 512
3 508 612 522
3 529 469 591
3 490 532 525
3 538 525 575
3 540 513 539
3 540 557 513
3 499 533 496
3 541 527 504
3 527 541 519
3 511 560 559
3 500 523 589
3 502 536 592
3 574 530 524
3 537 531 493
3 552 574 524
3 571 560 511
3 505 565 571
3 547 528 534
3 516 505 512
3 505 516 565
3 550 521 544
3 545 521 550
3 613 523 501
3 591 469 517
3 503 567 481
3 503 539 567
3 532 490 562
3 539 513 538
3 518 526 509
3 557 540 578
3 586 578 510
3 519 564 527
3 534 564 542
3 542 588 534
3 520 528 547
3 516 549 565
3 547 534 543
3 584 548 543
3 544 549 550
3 589 521 500
3 501 545 613
3 573 502 592
3 537 553 531
3 481 567 552
3 553 554 531
3 546 566 490
3 568 546 518
3 555 569 532
3 557 541 498
3 526 533 509
3 520 582 586
3 543 534 588
3 547 543 548
3 549 544 565
3 522 615 535
3 602 592 530
3 574 602 530
3 568 554 553
3 562 490 566
3 567 538 575
3 567 539 538
3 561 525 532
3 576 532 562
3 555 532 576
3 555 556 569
3 556 558 569
3 563 558 556
3 570 558 563
3 579 556 555
3 579 563 556
3 571 594 560
3 564 587 542
3 581 583 516
3 583 549 516
3 572 547 548
3 626 550 549
3 548 584 551
3 522 612 590
3 502 573 517
3 561 532 569
3 547 572 520
3 521 589 544
3 553 537 529
3 567 574 552
3 529 566 553
3 566 568 553
3 574 575 602
3 568 566 546
3 575 574 567
3 599 602 575
3 599 575 525
3 599 525 561
3 569 558 604
3 578 541 557
3 496 533 515
3 580 563 579
3 580 570 563
3 571 620 594
3 595 571 565
3 583 626 549
3 588 584 543
3 548 606 572
3 606 548 551
3 550 596 545
3 596 613 545
3 598 529 591
3 598 566 529
3 598 562 566
3 570 609 558
3 526 560 533
3 519 541 578
3 526 559 560
3 577 515 533
3 587 564 519
3 610 586 582
3 572 582 520
3 544 595 565
3 626 596 550
3 612 584 611
3 576 562 598
3 609 604 558
3 593 579 555
3 614 542 587
3 535 615 551
3 592 597 573
3 591 517 617
3 519 578 600
3 578 586 600
3 585 609 570
3 515 577 601
3 610 600 586
3 515 601 581
3 593 580 579
3 588 542 614
3 544 589 595
3 611 606 551
3 617 517 573
3 602 597 592
3 608 555 576
3 587 519 600
3 560 594 601
3 570 580 625
3 581 601 627
3 595 620 571
3 615 522 590
3 577 533 560
3 601 577 560
3 585 570 625
3 605 580 593
3 587 600 610
3 594 620 601
3 620 627 601
3 583 581 627
3 619 584 588
3 635 597 602
3 604 561 569
3 593 555 608
3 614 587 610
3 610 582 616
3 619 588 614
3 551 615 611
3 590 612 611
3 523 607 589
3 607 613 596
3 617 598 591
3 599 618 602
3 621 561 604
3 605 637 580
3 572 616 582
3 596 589 607
3 618 599 561
3 621 618 561
3 608 576 603
3 609 622 604
3 637 625 580
3 572 606 616
3 611 584 619
3 611 619 606
3 607 523 613
3 602 618 635
3 598 603 576
3 593 624 605
3 611 615 590
3 629 603 598
3 603 631 608
3 624 593 608
3 604 622 621
3 609 585 622
3 605 624 634
3 614 610 616
3 619 614 616
3 616 606 619
3 626 583 627
3 589 627 595
3 596 626 627
3 596 627 589
3 597 635 628
3 598 617 629
3 621 623 618
3 631 624 608
3 622 638 621
3 620 595 627
3 573 597 628
3 631 603 629
3 638 623 621
3 631 636 624
3 630 624 636
3 641 622 585
3 637 605 634
3 573 628 617
3 641 585 625
3 625 637 641
3 624 630 634
3 618 623 635
3 628 629 617
3 640 632 623
3 638 640 623
3 622 641 638
3 633 634 630
3 635 632 628
3 640 631 629
3 635 623 632
3 636 639 630
3 633 637 634
3 628 632 629
3 640 629 632
3 639 640 638
3 641 639 638
3 636 631 640
3 636 640 639
3 630 639 633
3 633 639 641
3 633 641 637
